 6901023  1   cat12   49
 6901027  1   cat12   63
 6901030  1   cat12   78

 5904988  1   geov	   39
 5904989  1   geov	   40
 6901593  1   geov    29
 6901631  25   bo16    15
 6901632  3   geov    21

 6901595  1   rr15    40
 6901602  1   rr15    120
 6901628  1   rr15    23

 6901750  62  rr17    1
 6901750   1  rr15    20
 5432750  2   rr15    20

 6901751  1   rr15    32
 6901752  75  rr17    106
 9901752  1   rr15    47
 6901757  1   rr15    0
 6901758  1   rr15    119   
 6901758  1   rr15    120   
 6901758  1   rr15    121   
 6901759  1   rr15    120

 6901457  1   bo16    48
 6901753  1   bo16    78
 6901754  1   bo16    72
 6901755  1   bo16    62

 9901762  2   bo16    74
 6901762  3   bo16    75

 6901603  1   rr17    89
 9902686  1   rr17    38
 9902686  1   rr17    39
 6902686  1   rr17    40
 6902805  1   rr17    6
 9902807  1   rr17    26
 9902807  1   rr17    27
 6902807  7   rr17    82
 6902808  1   rr17    37
 6902810  1   rr17    89
 9902811  2   rr17    109
 6902811 11   rr17    115
 9902819  1   rr17    118
 6902819  3   rr17    119
 9901763  1   ov18_d  29
 6901763 107  ovid21  25
 6902818  1   ov18_d  77
 9902818  2   ov18_d  79
 6902881  2   ov18_d  105
 6902882  3   ov18_d  105
 9901601  1   ov18_d  77
 9901601  3   ov18_d  77
 6901601  6   ov18_d  76
 6901601  8   ov18_d  76
 6902800  1   ov18_d  102
 9902800  1   ov18_d  70
 6902802  1   ov18_d   81
 6902806  1   ov18_d   49
 6902868  1   ov18_d  101
 9902869  1   ov18_d   61
 6902869  3   ov18_d   61


 4901801  1   rr17    26
 6900807  1   rr17    37
 6901032  1   rr17    89
 5904989  1   rr17    118

 1900943  1   POS348  128
 6900524  4   MSM08   9
 6900525  4   MSM08   9
 6901025  3   cat12   57
 6900629  0   MSM08   24
 6900627  1   ATA3    7
 6900628  1   ATA3    35
 6900630  1   ATA3    40
 1901212  1   ov11me_m851 18
 1901214  1   ov11me_m851 79
 1901214  144 rr15    40
 1901214  145 rr15    44
 1901214  146 rr15    44
 9901021  1   cat12   17
 9901021  1   cat12   19
 6901021  75  geov    17
 6901026  68  geov    39
 6901026  69  geov    39
 6901026  71  geov    39
 6901026  72  geov    39
 6901026  148 bo16    85
 6901026  11  cat12   60
 6901026  12  cat12   60
 6901029  1   cat12   74
 6901022  4   cat12   41
 1901210  3   ov11me_m852 27
 1901210  4   ov11me_m852 27
 9901210  1   geov    68
 5902302  0   ovid10  59
