 706  14   1 180.536493  3571.7   2.6185  34.9204   2.3152  27.8821  -9.000   5.695 9
 706  14   2 180.536529  3572.7   2.6190  34.9204   2.3156  27.8821  -9.000   5.700 9
 706  14   3 180.537655  3499.1   2.6182  34.9219   2.3229  27.8826   5.696   5.703 2
 706  14   4 180.541106  3199.6   2.7876  34.9329   2.5205  27.8746  -9.000   5.945 9
 706  14   5 180.544574  2898.4   2.9453  34.9358   2.7063  27.8606  -9.000   6.160 9
 706  14   6 180.546950  2698.4   3.0444  34.9300   2.8239  27.8454  -9.000   6.271 9
 706  14   7 180.549529  2487.2   3.1397  34.9198   2.9386  27.8268  -9.000   6.340 9
 706  14   8 180.551716  2289.6   3.2583  34.9126   3.0745  27.8085  -9.000   6.375 9
 706  14   9 180.554101  2099.2   3.3461  34.9111   3.1791  27.7974   6.361   6.368 6
 706  14  10 180.556519  1894.5   3.4698  34.9100   3.3202  27.7831   6.320   6.357 2
 706  14  11 180.558705  1706.1   3.6575  34.9123   3.5228  27.7651   6.342   6.327 2
 706  14  12 180.561014  1522.1   3.8115  34.9161   3.6916  27.7512   6.300   6.300 2
 706  14  13 180.563359  1317.8   4.0193  34.9288   3.9154  27.7384   6.268   6.249 2
 706  14  14 180.565621  1093.8   4.7721  35.0175   4.6812  27.7259   5.856   5.857 2
 706  14  15 180.566844   996.2   5.0418  35.0305   4.9577  27.7044   5.757   5.747 2
 706  14  16 180.567920   899.9   5.3326  35.0408   5.2552  27.6775   5.607   5.590 2
 706  14  17 180.569515   755.5   6.1932  35.0818   6.1240  27.6014   5.171   5.110 2
 706  14  18 180.571254   614.5   7.1157  35.0857   7.0558  27.4786   4.620   4.577 2
 706  14  19 180.572827   452.1   8.9968  35.1485   8.9469  27.2431   4.518   4.574 6
 706  14  20 180.574621   328.5  11.0498  35.4114  11.0087  27.0945   5.680   5.652 2
 706  14  21 180.576190   171.4  12.0139  35.5761  11.9914  27.0384   5.678   5.639 2
 706  14  22 180.579218    10.9  14.4532  35.6493  14.4516  26.5926   6.146   6.150 2
 711  18   1 181.897526  3423.4   2.5205  34.9082   2.2359  27.8790   6.394   6.396 2
 711  18   2 181.900802  3198.7   2.7098  34.9155   2.4447  27.8672  -9.000   6.379 9
 711  18   3 181.903244  3004.6   2.8480  34.9168   2.6001  27.8548   6.362   6.360 2
 711  18   4 181.905660  2814.0   3.0046  34.9182   2.7731  27.8405  -9.000   6.321 9
 711  18   5 181.907803  2598.8   3.1336  34.9167   2.9215  27.8259   6.327   6.336 2
 711  18   6 181.912840  2198.6   3.3545  34.9124   3.1779  27.7985   6.315   6.343 2
 711  18   7 181.914933  1973.2   3.4358  34.9119   3.2793  27.7885   6.327   6.345 2
 711  18   8 181.917450  1769.6   3.5900  34.9168   3.4503  27.7758   6.298   6.310 6
 711  18   9 181.919969  1570.1   3.7564  34.9168   3.6328  27.7577   6.273   6.301 2
 711  18  10 181.920962  1496.0   3.8563  34.9248   3.7382  27.7535   6.243   6.284 2
 711  18  11 181.921993  1398.6   3.9202  34.9259   3.8101  27.7469   6.259   6.277 2
 711  18  12 181.923448  1301.0   4.0316  34.9316   3.9290  27.7392   6.209   6.235 2
 711  18  13 181.924451  1220.1   4.1959  34.9447   4.0989  27.7318  -9.000   6.157 9
 711  18  14 181.925453  1120.8   4.5301  34.9756   4.4389  27.7196   6.014   6.002 2
 711  18  15 181.927084  1011.7   4.7434  34.9773   4.6602  27.6963   5.915   5.899 2
 711  18  16 181.928147   902.3   5.4165  35.0569   5.3383  27.6802   5.551   5.546 2
 711  18  17 181.929242   788.4   5.7405  35.0456   5.6709  27.6305   5.343   5.336 2
 711  18  18 181.930327   722.2   6.2354  35.0295   6.1693  27.5542   5.013   4.987 2
 711  18  19 181.931726   608.6   7.2147  35.0576   7.1550  27.4425   4.508   4.487 6
 711  18  20 181.933893   389.9  10.5225  35.3597  10.4751  27.1501   4.564   4.660 2
 711  18  21 181.936501   211.4  11.9438  35.5735  11.9161  27.0508   5.660   5.713 2
 711  18  22 181.939930    12.4  15.6614  35.6568  15.6594  26.3308   6.124   6.135 2
 727  26   1 186.547153  3703.1   2.4528  34.9074   2.1393  27.8862   6.415   6.410 2
 727  26   2 186.549007  3598.7   2.5029  34.9122   2.1996  27.8851  -9.000   6.401 9
 727  26   3 186.551194  3398.6   2.6355  34.9243   2.3507  27.8822   6.395   6.362 2
 727  26   4 186.554005  3198.5   2.7399  34.9329   2.4740  27.8786  -9.000   6.342 9
 727  26   5 186.556797  2998.6   2.8491  34.9399   2.6017  27.8731   6.336   6.346 2
 727  26   6 186.559358  2798.4   2.9384  34.9360   2.7098  27.8604  -9.000   6.373 9
 727  26   7 186.561697  2599.2   2.9572  34.9175   2.7484  27.8422   6.392   6.409 2
 727  26   8 186.566058  2398.9   3.0772  34.9163   2.8859  27.8288   6.394   6.401 2
 727  26   9 186.568768  2196.9   3.1967  34.9147   3.0228  27.8150   6.398   6.399 2
 727  26  10 186.570897  1992.9   3.3303  34.9148   3.1736  27.8009   6.363   6.380 2
 727  26  11 186.573741  1798.8   3.4872  34.9176   3.3462  27.7866   6.341   6.347 2
 727  26  12 186.576568  1590.1   3.5976  34.9167   3.4741  27.7734   6.313   6.332 2
 727  26  13 186.578683  1398.9   3.6798  34.9071   3.5723  27.7560   6.360   6.383 2
 727  26  14 186.581884  1198.9   3.7477  34.8998   3.6567  27.7418   6.435   6.441 2
 727  26  15 186.584674  1027.4   3.8142  34.8949   3.7371  27.7297   6.459   6.485 2
 727  26  16 186.586845   795.3   4.0029  34.8991   3.9434  27.7119   6.465   6.481 2
 727  26  17 186.588435   722.8   4.0918  34.9039   4.0376  27.7058   6.393   6.438 2
 727  26  18 186.589893   604.1   4.2614  34.9029   4.2159  27.6861   6.294   6.298 2
 727  26  19 186.590983   499.8   4.6459  34.9283   4.6071  27.6634   6.058   6.050 2
 727  26  20 186.592086   398.9   5.1199  34.9332   5.0878  27.6121   5.641   5.606 2
 727  26  21 186.595303   209.9   5.4832  34.6919   5.4661  27.3757   6.551   6.462 2
 727  26  22 186.599205    12.8  10.7142  34.6148  10.7127  26.5271   6.313   6.546 3
 807  79   1 202.657665  3385.9   2.4983  34.9151   2.2182  27.8859   6.446   6.379 2
 807  79   2 202.659538  3249.2   2.6190  34.9250   2.3505  27.8828  -9.000   6.339 9
 807  79   3 202.661471  3098.6   2.7240  34.9353   2.4690  27.8809  -9.000   6.311 9
 807  79   4 202.663602  2898.8   2.8578  34.9474   2.6205  27.8775  -9.000   6.299 9
 807  79   5 202.666004  2698.9   2.9248  34.9464   2.7065  27.8690   6.373   6.304 2
 807  79   6 202.668383  2499.4   2.9961  34.9360   2.7963  27.8527   6.384   6.344 2
 807  79   7 202.670542  2299.2   3.0676  34.9228   2.8860  27.8340   6.413   6.362 2
 807  79   8 202.673267  2099.8   3.1478  34.9179   2.9838  27.8211   6.425   6.380 2
 807  79   9 202.675540  1899.0   3.2604  34.9126   3.1134  27.8048   6.451   6.371 2
 807  79  10 202.677668  1699.9   3.3959  34.9108   3.2651  27.7889   6.402   6.371 2
 807  79  11 202.680659  1508.1   3.5489  34.9106   3.4332  27.7726   6.395   6.346 2
 807  79  12 202.683077  1290.7   3.6028  34.8938   3.5054  27.7520   6.476   6.437 2
 807  79  13 202.684000  1199.5   3.5863  34.8828   3.4968  27.7441   6.529   6.554 2
 807  79  14 202.685015  1101.1   3.6014  34.8791   3.5199  27.7389   6.581   6.567 2
 807  79  15 202.686233   995.8   3.6614  34.8801   3.5881  27.7329   6.594   6.557 2
 807  79  16 202.687268   898.8   3.6866  34.8771   3.6209  27.7272   6.572   6.578 2
 807  79  17 202.688805   772.6   3.7329  34.8770   3.6769  27.7215   6.609   6.591 2
 807  79  18 202.690549   609.9   3.8740  34.8847   3.8299  27.7121   6.560   6.567 2
 807  79  19 202.691583   505.0   4.0043  34.8904   3.9676  27.7024   6.544   6.547 2
 807  79  20 202.692654   398.4   4.1519  34.8938   4.1228  27.6888   6.441   6.451 2
 807  79  21 202.694813   209.3   3.6766  34.7246   3.6625  27.6016   6.938   6.877 2
 807  79  22 202.697999    12.9   8.7647  34.5173   8.7634  26.7777   6.852   6.846 2
 811  82   1 203.542608  3541.3   1.9649  34.9009   1.6815  27.9172   6.789   6.813 2
 811  82   2 203.545549  3298.5   2.4172  34.9090   2.1483  27.8868  -9.000   6.560 9
 811  82   3 203.547838  3098.5   2.5693  34.9164   2.3178  27.8787  -9.000   6.487 9
 811  82   4 203.549919  2896.4   2.7342  34.9237   2.4999  27.8690  -9.000   6.476 9
 811  82   5 203.552219  2698.5   2.8543  34.9249   2.6375  27.8580  -9.000   6.486 9
 811  82   6 203.554520  2496.1   2.9757  34.9183   2.7767  27.8403  -9.000   6.493 9
 811  82   7 203.556602  2287.3   3.0870  34.9143   2.9063  27.8254   6.431   6.488 3
 811  82   8 203.559416  2098.3   3.1903  34.9113   3.0258  27.8119   6.472   6.486 2
 811  82   9 203.561702  1894.5   3.3176  34.9095   3.1702  27.7970   6.420   6.467 2
 811  82  10 203.563879  1687.8   3.4470  34.9102   3.3166  27.7836   6.395   6.435 2
 811  82  11 203.566823  1497.5   3.5858  34.9093   3.4707  27.7678   6.373   6.412 2
 811  82  12 203.569081  1301.1   3.6042  34.8910   3.5059  27.7497   6.510   6.516 2
 811  82  13 203.571236  1099.0   3.6113  34.8795   3.5299  27.7382   6.557   6.575 2
 811  82  14 203.572437   999.1   3.6101  34.8735   3.5369  27.7328   6.603   6.613 2
 811  82  15 203.573531   895.8   3.6108  34.8691   3.5459  27.7284   6.639   6.642 2
 811  82  16 203.574544   800.3   3.6300  34.8671   3.5725  27.7241   6.624   6.640 2
 811  82  17 203.575761   704.1   3.6941  34.8712   3.6436  27.7203   6.618   6.618 2
 811  82  18 203.576796   598.2   3.7746  34.8756   3.7318  27.7148   6.591   6.604 2
 811  82  19 203.577840   495.9   3.8578  34.8780   3.8224  27.7075   6.556   6.600 2
 811  82  20 203.580060   299.2   3.9841  34.8711   3.9629  27.6875  -9.000   6.841 9
 811  82  21 203.581643   147.1   3.5026  34.7637   3.4929  27.6496   7.070   7.057 2
 811  82  22 203.584765    11.7   7.9363  34.5586   7.9352  26.9369   6.980   6.997 2
 825  95   1 207.050868  3556.8   1.6909  34.8944   1.4129  27.9319   6.881   6.879 2
 825  95   2 207.051693  3502.4   1.8170  34.8954   1.5414  27.9233  -9.000   6.849 9
 825  95   3 207.055305  3196.4   2.4952  34.9100   2.2352  27.8804  -9.000   6.558 9
 825  95   4 207.058977  2901.0   2.8263  34.9210   2.5896  27.8590  -9.000   6.487 9
 825  95   5 207.062699  2598.3   3.0331  34.9160   2.8229  27.8343  -9.000   6.495 9
 825  95   6 207.066371  2303.8   3.2351  34.9164   3.0503  27.8138   6.467   6.484 2
 825  95   7 207.070109  1998.0   3.4458  34.9132   3.2869  27.7888   6.422   6.427 2
 825  95   8 207.072544  1804.0   3.6037  34.9130   3.4606  27.7718   6.395   6.412 2
 825  95   9 207.075330  1616.6   3.6616  34.9018   3.5350  27.7555   6.468   6.481 2
 825  95  10 207.077532  1393.3   3.6666  34.8825   3.5598  27.7376   6.572   6.610 2
 825  95  11 207.078744  1325.8   3.6766  34.8808   3.5755  27.7347   6.629   6.616 2
 825  95  12 207.079804  1191.1   3.6715  34.8693   3.5820  27.7250   6.644   6.665 2
 825  95  13 207.081433  1049.4   3.7194  34.8699   3.6412  27.7195   6.824   6.812 2
 825  95  14 207.083323   898.5   3.7455  34.8697   3.6794  27.7155   6.817   6.831 2
 825  95  15 207.084366   825.3   3.7522  34.8692   3.6919  27.7138   6.846   6.838 2
 825  95  16 207.085558   691.1   3.8129  34.8721   3.7628  27.7089   6.763   6.827 2
 825  95  17 207.087133   526.6   3.8419  34.8712   3.8043  27.7040   6.886   6.865 2
 825  95  18 207.089423   336.0   3.8814  34.8693   3.8578  27.6970   6.865   6.848 2
 825  95  19 207.091592   126.9   3.7355  34.8090   3.7269  27.6624  -9.000   6.943 9
 825  95  20 207.094272    13.4   7.9060  34.5155   7.9047  26.9075   6.922   6.950 6
 825  95  21 207.094287    13.4   8.0203  34.5065   8.0190  26.8834  -9.000   6.948 9
 825  95  22 207.094301    13.5   8.0616  34.5020   8.0602  26.8737  -9.000   6.959 9
 837 106   1 210.150953  3592.2   1.7211  34.8963   1.4386  27.9316   6.911   6.895 2
 837 106   2 210.150987  3592.0   1.7211  34.8964   1.4386  27.9316  -9.000   6.895 9
 837 106   3 210.155051  3248.1   2.3492  34.9055   2.0872  27.8890  -9.000   6.528 9
 837 106   4 210.157933  2997.9   2.6571  34.9150   2.4141  27.8694   6.543   6.535 6
 837 106   5 210.161702  2699.1   2.9128  34.9180   2.6948  27.8473  -9.000   6.488 9
 837 106   6 210.165280  2388.8   3.1033  34.9156   2.9125  27.8258  -9.000   6.473 9
 837 106   7 210.168880  2097.8   3.2713  34.9132   3.1056  27.8060   6.436   6.459 2
 837 106   8 210.171182  1898.7   3.3893  34.9131   3.2405  27.7932   6.458   6.449 2
 837 106   9 210.174736  1598.8   3.6085  34.9121   3.4841  27.7687   6.396   6.388 2
 837 106  10 210.176924  1398.8   3.6378  34.8959   3.5308  27.7512   6.799   6.531 3
 837 106  11 210.179239  1197.9   3.6399  34.8807   3.5500  27.7372   6.612   6.630 2
 837 106  12 210.181830   998.5   3.6959  34.8737   3.6221  27.7244   6.692   6.715 2
 837 106  13 210.182921   902.5   3.7374  34.8734   3.6711  27.7192   6.821   6.834 2
 837 106  14 210.183982   798.1   3.7738  34.8736   3.7155  27.7149   6.826   6.858 2
 837 106  15 210.185268   697.6   3.7956  34.8703   3.7451  27.7093   6.835   6.875 2
 837 106  16 210.186291   582.1   3.7820  34.8638   3.7404  27.7046   6.890   6.912 2
 837 106  17 210.187367   499.1   3.8034  34.8613   3.7680  27.6998   6.901   6.944 2
 837 106  18 210.188439   398.6   3.8323  34.8593   3.8043  27.6945   6.888   6.910 2
 837 106  19 210.189654   301.8   3.9303  34.8586   3.9091  27.6832   6.811   6.728 2
 837 106  20 210.190684   196.0   3.9149  34.8114   3.9013  27.6464   6.794   6.725 2
 837 106  21 210.191730    99.4   3.7718  34.6794   3.7652  27.5552   7.029   7.036 2
 837 106  22 210.194505    12.7   9.0111  34.4908   9.0097  26.7178   6.914   6.932 2
